5292000.0
350 540 540 1430 0
350 540 350 0 0
350 540 0 1590 1
350 540 0 1240 1
350 540 890 1430 0
350 540 1940 540 0
350 540 1400 0 0
350 540 890 540 0
350 540 1620 1080 0
350 540 0 540 1
350 540 2450 0 0
350 540 1750 0 0
350 540 1080 1080 1
350 540 0 0 0
350 540 540 1080 1
350 540 2320 1080 0
350 540 1970 1080 0
350 540 1240 1430 0
350 540 2290 540 0
350 540 540 540 0
350 540 1590 540 0
350 540 0 890 1
350 540 1050 0 0
350 540 2160 1620 1
350 540 1240 540 0
350 540 2100 0 0
350 540 700 0 0
350 540 1620 1620 1
